 6 1 4 5 
  83 56  
2       1
8  4 7  6
  6   3  
7  9 1  4
5       2
  72 69  
 4 5 8 7 

  6      
284     5
   372   
57     2 
   781   
 9     67
   943   
8     743
      1  

   728536
    6 8  
        9
6    249 
1   4   8
 956    2
3        
  1 3    
829576   

 2      5
1   6  7 
 6 5  19 
 5 1   4 
2   5   9
 1   4 6 
 46  8 5 
 3  9   4
8      2 

75   3   
  96 21  
3  5  2  
  4     3
  13 56  
6     4  
  5  1  2
  74 93  
   7   48

  87  1 9
         
 2389 4  
 8    7 3
5  917  8
7 1    5 
  5 8467 
         
6 2  38  

 7    1 3
   81  5 
91 5  6  
    5   4
 45   89 
6   2    
  2  1 35
 5  69   
8 9    1 
