+---+---+---+
| 6 |1 4| 5 |
|  8|3 5|6  |
|2  |6 9|  1|
+---+---+---+
|8  |437|  6|
|  6|852|3  |
|7  |961|  4|
+---+---+---+
|5  |7 3|  2|
|  7|2 6|9  |
|642|598|173|
+---+---+---+

SOLVE ME:
+---+---+---+
| 6 |1 4| 5 |
|  8|3 5|6  |
|2  |6 9|  1|
+---+---+---+
|8  |437|  6|
|  6|852|3  |
|7  |961|  4|
+---+---+---+
|5  |7 3|  2| <- (4, 8) (4, 8, 6)
|  7|2 6|9  | <- (4, 8) (5, 8)
|642|598|173|
+---+---+---+

if a number is not listed on any other clusters thing, and only yours, that number must be you